0.000000000000000000e+00
9.300000000000000000e+01
1.830000000000000000e+02
2.720000000000000000e+02
3.640000000000000000e+02
4.540000000000000000e+02
5.430000000000000000e+02
6.360000000000000000e+02
7.270000000000000000e+02
8.160000000000000000e+02
9.090000000000000000e+02
9.990000000000000000e+02
1.088000000000000000e+03
1.180000000000000000e+03
1.269000000000000000e+03
1.361000000000000000e+03
1.454000000000000000e+03
1.542000000000000000e+03
1.641000000000000000e+03
1.733000000000000000e+03
1.825000000000000000e+03
1.922000000000000000e+03
2.010000000000000000e+03
2.101000000000000000e+03
2.190000000000000000e+03
2.282000000000000000e+03
2.373000000000000000e+03
2.462000000000000000e+03
2.553000000000000000e+03
2.642000000000000000e+03
2.734000000000000000e+03
2.826000000000000000e+03
2.917000000000000000e+03
3.007000000000000000e+03
3.097000000000000000e+03
3.189000000000000000e+03
3.280000000000000000e+03
3.372000000000000000e+03
3.463000000000000000e+03
3.552000000000000000e+03
3.641000000000000000e+03
3.732000000000000000e+03
3.822000000000000000e+03
3.913000000000000000e+03
4.002000000000000000e+03
4.094000000000000000e+03
4.184000000000000000e+03
4.275000000000000000e+03
4.367000000000000000e+03
4.457000000000000000e+03
4.548000000000000000e+03
4.639000000000000000e+03
4.731000000000000000e+03
4.820000000000000000e+03
4.910000000000000000e+03
5.003000000000000000e+03
5.095000000000000000e+03
5.188000000000000000e+03
5.278000000000000000e+03
5.372000000000000000e+03
5.462000000000000000e+03
5.554000000000000000e+03
5.644000000000000000e+03
5.734000000000000000e+03
5.822000000000000000e+03
5.911000000000000000e+03
6.001000000000000000e+03
6.093000000000000000e+03
6.183000000000000000e+03
6.280000000000000000e+03
6.368000000000000000e+03
6.457000000000000000e+03
6.549000000000000000e+03
6.640000000000000000e+03
6.731000000000000000e+03
6.819000000000000000e+03
6.911000000000000000e+03
7.002000000000000000e+03
7.094000000000000000e+03
7.183000000000000000e+03
7.275000000000000000e+03
7.365000000000000000e+03
7.456000000000000000e+03
7.549000000000000000e+03
7.642000000000000000e+03
7.734000000000000000e+03
7.823000000000000000e+03
7.915000000000000000e+03
8.006000000000000000e+03
8.099000000000000000e+03
8.191000000000000000e+03
8.283000000000000000e+03
8.376000000000000000e+03
8.469000000000000000e+03
8.561000000000000000e+03
8.650000000000000000e+03
8.738000000000000000e+03
8.829000000000000000e+03
8.917000000000000000e+03
9.009000000000000000e+03
9.100000000000000000e+03
9.192000000000000000e+03
9.280000000000000000e+03
9.373000000000000000e+03
9.463000000000000000e+03
9.564000000000000000e+03
9.653000000000000000e+03
9.742000000000000000e+03
9.831000000000000000e+03
9.920000000000000000e+03
1.001100000000000000e+04
1.010000000000000000e+04
1.018900000000000000e+04
1.028100000000000000e+04
1.037100000000000000e+04
1.046100000000000000e+04
1.055100000000000000e+04
1.064400000000000000e+04
1.073600000000000000e+04
1.082700000000000000e+04
1.091700000000000000e+04
1.100700000000000000e+04
1.109500000000000000e+04
1.118800000000000000e+04
1.127700000000000000e+04
1.136600000000000000e+04
1.146300000000000000e+04
1.155200000000000000e+04
1.164500000000000000e+04
1.173900000000000000e+04
1.183300000000000000e+04
1.192700000000000000e+04
1.201700000000000000e+04
1.210900000000000000e+04
1.219700000000000000e+04
1.228700000000000000e+04
1.238000000000000000e+04
1.247000000000000000e+04
1.256200000000000000e+04
1.265300000000000000e+04
1.274400000000000000e+04
1.283800000000000000e+04
1.292900000000000000e+04
1.301900000000000000e+04
1.311100000000000000e+04
1.320000000000000000e+04
1.329200000000000000e+04
1.338500000000000000e+04
1.347400000000000000e+04
1.356300000000000000e+04
1.365200000000000000e+04
1.374200000000000000e+04
1.383400000000000000e+04
1.392600000000000000e+04
1.401400000000000000e+04
1.410200000000000000e+04
1.419200000000000000e+04
1.428100000000000000e+04
1.437200000000000000e+04
1.446100000000000000e+04
1.455300000000000000e+04
1.464300000000000000e+04
1.473200000000000000e+04
1.482200000000000000e+04
1.491400000000000000e+04
1.500200000000000000e+04
1.509300000000000000e+04
1.518500000000000000e+04
1.527600000000000000e+04
1.536600000000000000e+04
1.545500000000000000e+04
1.554500000000000000e+04
1.563500000000000000e+04
1.572400000000000000e+04
1.581600000000000000e+04
1.590600000000000000e+04
1.599400000000000000e+04
1.608300000000000000e+04
1.617200000000000000e+04
1.626200000000000000e+04
1.635400000000000000e+04
1.644700000000000000e+04
1.653800000000000000e+04
1.663900000000000000e+04
1.672800000000000000e+04
1.682000000000000000e+04
1.691200000000000000e+04
1.700100000000000000e+04
1.709700000000000000e+04
1.718500000000000000e+04
1.728300000000000000e+04
1.737400000000000000e+04
1.746600000000000000e+04
1.755500000000000000e+04
1.764500000000000000e+04
1.773300000000000000e+04
1.782200000000000000e+04
1.791500000000000000e+04
1.800600000000000000e+04
1.809600000000000000e+04
1.818500000000000000e+04
1.827900000000000000e+04
1.837200000000000000e+04
1.846200000000000000e+04
1.855500000000000000e+04
1.864700000000000000e+04
1.873600000000000000e+04
1.882600000000000000e+04
1.891800000000000000e+04
1.900900000000000000e+04
1.910100000000000000e+04
1.919000000000000000e+04
1.927900000000000000e+04
1.936900000000000000e+04
1.945900000000000000e+04
1.955100000000000000e+04
1.964300000000000000e+04
1.973500000000000000e+04
1.982700000000000000e+04
1.991900000000000000e+04
2.001100000000000000e+04
2.010200000000000000e+04
2.019200000000000000e+04
2.028300000000000000e+04
2.037200000000000000e+04
2.046100000000000000e+04
2.055100000000000000e+04
2.064000000000000000e+04
2.073300000000000000e+04
2.082500000000000000e+04
2.091300000000000000e+04
2.100600000000000000e+04
2.109600000000000000e+04
2.118800000000000000e+04
2.127800000000000000e+04
2.136700000000000000e+04
2.145500000000000000e+04
2.154700000000000000e+04
2.161900000000000000e+04
2.171800000000000000e+04
2.181000000000000000e+04
2.190300000000000000e+04
2.199600000000000000e+04
2.208800000000000000e+04
2.217700000000000000e+04
2.226700000000000000e+04
2.235700000000000000e+04
2.244900000000000000e+04
2.253800000000000000e+04
2.263000000000000000e+04
2.272000000000000000e+04
2.281000000000000000e+04
2.290000000000000000e+04
2.299300000000000000e+04
2.308500000000000000e+04
2.317400000000000000e+04
2.326600000000000000e+04
2.335800000000000000e+04
2.344800000000000000e+04
2.354000000000000000e+04
2.363200000000000000e+04
2.372400000000000000e+04
2.381300000000000000e+04
2.390500000000000000e+04
2.399500000000000000e+04
2.408700000000000000e+04
2.417600000000000000e+04
2.426600000000000000e+04
2.435700000000000000e+04
2.445000000000000000e+04
2.454200000000000000e+04
2.463100000000000000e+04
2.472300000000000000e+04
2.481500000000000000e+04
2.490500000000000000e+04
2.499400000000000000e+04
2.508300000000000000e+04
2.517200000000000000e+04
2.526400000000000000e+04
2.535400000000000000e+04
2.544300000000000000e+04
2.553600000000000000e+04
2.562800000000000000e+04
2.572000000000000000e+04
2.580900000000000000e+04
2.589800000000000000e+04
2.598900000000000000e+04
2.608100000000000000e+04
2.617000000000000000e+04
2.626100000000000000e+04
2.635000000000000000e+04
2.644100000000000000e+04
2.653100000000000000e+04
2.661900000000000000e+04
2.671100000000000000e+04
2.680200000000000000e+04
2.689300000000000000e+04
2.698600000000000000e+04
2.707800000000000000e+04
2.717000000000000000e+04
2.726000000000000000e+04
2.734900000000000000e+04
2.744100000000000000e+04
2.753200000000000000e+04
2.762300000000000000e+04
2.771500000000000000e+04
2.780600000000000000e+04
2.790300000000000000e+04
2.799500000000000000e+04
2.808300000000000000e+04
2.817400000000000000e+04
2.826600000000000000e+04
2.835800000000000000e+04
2.844700000000000000e+04
2.853900000000000000e+04
2.863100000000000000e+04
2.872100000000000000e+04
2.881500000000000000e+04
2.890800000000000000e+04
2.900000000000000000e+04
2.908900000000000000e+04
2.918100000000000000e+04
2.927300000000000000e+04
2.937000000000000000e+04
2.946100000000000000e+04
2.954900000000000000e+04
2.963900000000000000e+04
2.973200000000000000e+04
2.982300000000000000e+04
2.991500000000000000e+04
3.000600000000000000e+04
3.009700000000000000e+04
3.018900000000000000e+04
3.028000000000000000e+04
3.037200000000000000e+04
3.046200000000000000e+04
3.055400000000000000e+04
3.064500000000000000e+04
3.073700000000000000e+04
3.082700000000000000e+04
3.091700000000000000e+04
3.100900000000000000e+04
3.110100000000000000e+04
3.119400000000000000e+04
3.129100000000000000e+04
3.138300000000000000e+04
3.147400000000000000e+04
3.156300000000000000e+04
3.165600000000000000e+04
3.174600000000000000e+04
3.183500000000000000e+04
3.192800000000000000e+04
3.201800000000000000e+04
3.210800000000000000e+04
3.219900000000000000e+04
3.228800000000000000e+04
3.237800000000000000e+04
3.247000000000000000e+04
3.256200000000000000e+04
3.265400000000000000e+04
3.274700000000000000e+04
3.283900000000000000e+04
3.293100000000000000e+04
3.302000000000000000e+04
3.310900000000000000e+04
3.319800000000000000e+04
3.329100000000000000e+04
3.338300000000000000e+04
3.348000000000000000e+04
3.357200000000000000e+04
3.366100000000000000e+04
3.375300000000000000e+04
3.384300000000000000e+04
3.393400000000000000e+04
3.402600000000000000e+04
3.412300000000000000e+04
3.421400000000000000e+04
3.430600000000000000e+04
3.439700000000000000e+04
3.448800000000000000e+04
3.458000000000000000e+04
3.466900000000000000e+04
3.476300000000000000e+04
3.485600000000000000e+04
3.494800000000000000e+04
3.504100000000000000e+04
3.513800000000000000e+04
3.522600000000000000e+04
3.531800000000000000e+04
3.540700000000000000e+04
3.549900000000000000e+04
3.559000000000000000e+04
3.568200000000000000e+04
3.577500000000000000e+04
3.586400000000000000e+04
3.595500000000000000e+04
3.604600000000000000e+04
3.613800000000000000e+04
3.622700000000000000e+04
3.631800000000000000e+04
3.640700000000000000e+04
3.649900000000000000e+04
3.659100000000000000e+04
3.668300000000000000e+04
3.677200000000000000e+04
3.686200000000000000e+04
3.695400000000000000e+04
3.704300000000000000e+04
3.713200000000000000e+04
3.722400000000000000e+04
3.731500000000000000e+04
3.740700000000000000e+04
3.749900000000000000e+04
3.758800000000000000e+04
3.768000000000000000e+04
3.777200000000000000e+04
3.786200000000000000e+04
3.795300000000000000e+04
3.804300000000000000e+04
3.813600000000000000e+04
3.822800000000000000e+04
3.832000000000000000e+04
3.841000000000000000e+04
3.850100000000000000e+04
3.859000000000000000e+04
3.867900000000000000e+04
3.876800000000000000e+04
3.885700000000000000e+04
3.894900000000000000e+04
3.904000000000000000e+04
3.912900000000000000e+04
3.921800000000000000e+04
3.931000000000000000e+04
3.940300000000000000e+04
3.949500000000000000e+04
3.958500000000000000e+04
3.967500000000000000e+04
3.976400000000000000e+04
3.985600000000000000e+04
3.994800000000000000e+04
4.003900000000000000e+04
4.013000000000000000e+04
4.022200000000000000e+04
4.031400000000000000e+04
4.040400000000000000e+04
4.049600000000000000e+04
4.058600000000000000e+04
4.067800000000000000e+04
4.077400000000000000e+04
4.086600000000000000e+04
4.095800000000000000e+04
4.104900000000000000e+04
4.114000000000000000e+04
4.123300000000000000e+04
4.132500000000000000e+04
4.141600000000000000e+04
4.150700000000000000e+04
4.159800000000000000e+04
4.168800000000000000e+04
4.177700000000000000e+04
4.187000000000000000e+04
4.196000000000000000e+04
4.205000000000000000e+04
4.214300000000000000e+04
4.223200000000000000e+04
4.232400000000000000e+04
4.241700000000000000e+04
4.250700000000000000e+04
4.259900000000000000e+04
4.269200000000000000e+04
4.278300000000000000e+04
4.288200000000000000e+04
4.297200000000000000e+04
4.306400000000000000e+04
4.315400000000000000e+04
4.324500000000000000e+04
4.333600000000000000e+04
4.342500000000000000e+04
4.351300000000000000e+04
4.360500000000000000e+04
4.369700000000000000e+04
4.378800000000000000e+04
4.388100000000000000e+04
4.397300000000000000e+04
4.406600000000000000e+04
4.415500000000000000e+04
4.424500000000000000e+04
4.433700000000000000e+04
4.443100000000000000e+04
4.452100000000000000e+04
4.461300000000000000e+04
4.470600000000000000e+04
4.479700000000000000e+04
4.488700000000000000e+04
4.497800000000000000e+04
4.507000000000000000e+04
4.516200000000000000e+04
4.525200000000000000e+04
4.534300000000000000e+04
4.543500000000000000e+04
4.552400000000000000e+04
4.561400000000000000e+04
4.570300000000000000e+04
4.579500000000000000e+04
4.588700000000000000e+04
4.597900000000000000e+04
4.607100000000000000e+04
4.616000000000000000e+04
4.625200000000000000e+04
4.634400000000000000e+04
4.643500000000000000e+04
4.652700000000000000e+04
4.661600000000000000e+04
4.670800000000000000e+04
4.680000000000000000e+04
4.689200000000000000e+04
4.698200000000000000e+04
4.707500000000000000e+04
4.716400000000000000e+04
4.725700000000000000e+04
4.734600000000000000e+04
4.743500000000000000e+04
4.752300000000000000e+04
4.761200000000000000e+04
4.770200000000000000e+04
4.779200000000000000e+04
4.788400000000000000e+04
4.797400000000000000e+04
4.806600000000000000e+04
4.815800000000000000e+04
4.824700000000000000e+04
4.833900000000000000e+04
4.842800000000000000e+04
4.851900000000000000e+04
4.860800000000000000e+04
4.870100000000000000e+04
4.879100000000000000e+04
4.888000000000000000e+04
4.897200000000000000e+04
4.906100000000000000e+04
4.915300000000000000e+04
4.924400000000000000e+04
4.933700000000000000e+04
4.942900000000000000e+04
4.952100000000000000e+04
4.961700000000000000e+04
4.970800000000000000e+04
4.980100000000000000e+04
4.989300000000000000e+04
4.998300000000000000e+04
5.007500000000000000e+04
5.016700000000000000e+04
5.025900000000000000e+04
5.034800000000000000e+04
5.043800000000000000e+04
5.053000000000000000e+04
5.062200000000000000e+04
5.071000000000000000e+04
5.080000000000000000e+04
5.088900000000000000e+04
5.097800000000000000e+04
5.106900000000000000e+04
5.115800000000000000e+04
5.124600000000000000e+04
5.133800000000000000e+04
5.142900000000000000e+04
5.151900000000000000e+04
5.160800000000000000e+04
5.169800000000000000e+04
5.179000000000000000e+04
5.188100000000000000e+04
5.195400000000000000e+04
5.204300000000000000e+04
5.213300000000000000e+04
5.222300000000000000e+04
5.231600000000000000e+04
5.240800000000000000e+04
5.250000000000000000e+04
5.259300000000000000e+04
5.268400000000000000e+04
5.277400000000000000e+04
5.286300000000000000e+04
5.295400000000000000e+04
5.304600000000000000e+04
5.313800000000000000e+04
5.323100000000000000e+04
5.332000000000000000e+04
5.341200000000000000e+04
5.350400000000000000e+04
5.359400000000000000e+04
5.368700000000000000e+04
5.377900000000000000e+04
5.387000000000000000e+04
5.396000000000000000e+04
5.405200000000000000e+04
5.414300000000000000e+04
5.423200000000000000e+04
5.432400000000000000e+04
5.441200000000000000e+04
5.450200000000000000e+04
5.459400000000000000e+04
5.468300000000000000e+04
5.477600000000000000e+04
5.486700000000000000e+04
5.495900000000000000e+04
5.505100000000000000e+04
5.514300000000000000e+04
5.523500000000000000e+04
5.532800000000000000e+04
5.541900000000000000e+04
5.551100000000000000e+04
5.560000000000000000e+04
5.569200000000000000e+04
5.578100000000000000e+04
5.587300000000000000e+04
5.596500000000000000e+04
5.605700000000000000e+04
5.614600000000000000e+04
5.623700000000000000e+04
5.632600000000000000e+04
5.641700000000000000e+04
5.650600000000000000e+04
5.659800000000000000e+04
5.669100000000000000e+04
5.678300000000000000e+04
5.687500000000000000e+04
5.696700000000000000e+04
5.705700000000000000e+04
5.714600000000000000e+04
5.723900000000000000e+04
5.732700000000000000e+04
5.741600000000000000e+04
5.750500000000000000e+04
5.759700000000000000e+04
5.768600000000000000e+04
5.777800000000000000e+04
5.786800000000000000e+04
5.795800000000000000e+04
5.804600000000000000e+04
5.813900000000000000e+04
5.823100000000000000e+04
5.832300000000000000e+04
5.841500000000000000e+04
5.850800000000000000e+04
5.860100000000000000e+04
5.869100000000000000e+04
5.878300000000000000e+04
5.887400000000000000e+04
5.896300000000000000e+04
5.905400000000000000e+04
5.914600000000000000e+04
5.923500000000000000e+04
5.932400000000000000e+04
5.941400000000000000e+04
5.950300000000000000e+04
5.959200000000000000e+04
5.968100000000000000e+04
5.977900000000000000e+04
5.986700000000000000e+04
5.995900000000000000e+04
6.005100000000000000e+04
6.014300000000000000e+04
6.023300000000000000e+04
6.032500000000000000e+04
6.041700000000000000e+04
6.050800000000000000e+04
6.060200000000000000e+04
6.069100000000000000e+04
6.078200000000000000e+04
6.087400000000000000e+04
6.096600000000000000e+04
6.105400000000000000e+04
6.114400000000000000e+04
6.123400000000000000e+04
6.132600000000000000e+04
6.141800000000000000e+04
6.150900000000000000e+04
6.160000000000000000e+04
6.169200000000000000e+04
6.178000000000000000e+04
6.187200000000000000e+04
6.196400000000000000e+04
6.205300000000000000e+04
6.214300000000000000e+04
6.223300000000000000e+04
6.232200000000000000e+04
6.241000000000000000e+04
6.250100000000000000e+04
6.259300000000000000e+04
6.268200000000000000e+04
6.277400000000000000e+04
6.286200000000000000e+04
6.295100000000000000e+04
6.304300000000000000e+04
6.313500000000000000e+04
6.322700000000000000e+04
6.331700000000000000e+04
6.340700000000000000e+04
6.349900000000000000e+04
6.359100000000000000e+04
6.368100000000000000e+04
6.377000000000000000e+04
6.386200000000000000e+04
6.395000000000000000e+04
6.404200000000000000e+04
6.413200000000000000e+04
6.422400000000000000e+04
6.431400000000000000e+04
6.440300000000000000e+04
6.449200000000000000e+04
6.458200000000000000e+04
6.467100000000000000e+04
6.476400000000000000e+04
6.485400000000000000e+04
6.494300000000000000e+04
6.503300000000000000e+04
6.512500000000000000e+04
6.521400000000000000e+04
6.530700000000000000e+04
6.539900000000000000e+04
6.549100000000000000e+04
6.558800000000000000e+04
6.567900000000000000e+04
6.577000000000000000e+04
6.586200000000000000e+04
6.595500000000000000e+04
6.604400000000000000e+04
6.613300000000000000e+04
6.622200000000000000e+04
6.631200000000000000e+04
6.640000000000000000e+04
6.649300000000000000e+04
6.658200000000000000e+04
6.667100000000000000e+04
6.676400000000000000e+04
6.685300000000000000e+04
6.694500000000000000e+04
6.703600000000000000e+04
6.712500000000000000e+04
6.721700000000000000e+04
6.730600000000000000e+04
6.739500000000000000e+04
6.748800000000000000e+04
6.757600000000000000e+04
6.766600000000000000e+04
6.775800000000000000e+04
6.785000000000000000e+04
6.794200000000000000e+04
6.803100000000000000e+04
6.812400000000000000e+04
6.821600000000000000e+04
6.830900000000000000e+04
6.840100000000000000e+04
6.849200000000000000e+04
6.858400000000000000e+04
6.867300000000000000e+04
6.876600000000000000e+04
6.885900000000000000e+04
6.895100000000000000e+04
6.904000000000000000e+04
6.913000000000000000e+04
6.922000000000000000e+04
6.930900000000000000e+04
6.939800000000000000e+04
6.949000000000000000e+04
6.958100000000000000e+04
6.967200000000000000e+04
6.976900000000000000e+04
6.986000000000000000e+04
6.995200000000000000e+04
7.004400000000000000e+04
7.013600000000000000e+04
7.022500000000000000e+04
7.031500000000000000e+04
7.040400000000000000e+04
7.049300000000000000e+04
7.058500000000000000e+04
7.067300000000000000e+04
7.076500000000000000e+04
7.085500000000000000e+04
7.094800000000000000e+04
7.104100000000000000e+04
7.114100000000000000e+04
7.123100000000000000e+04
7.132800000000000000e+04
7.141900000000000000e+04
7.151100000000000000e+04
7.160100000000000000e+04
7.169300000000000000e+04
7.178100000000000000e+04
7.187200000000000000e+04
7.196200000000000000e+04
7.205300000000000000e+04
7.214500000000000000e+04
7.223400000000000000e+04
7.232500000000000000e+04
7.241800000000000000e+04
7.251100000000000000e+04
7.259900000000000000e+04
7.269100000000000000e+04
7.278100000000000000e+04
7.287300000000000000e+04
7.296200000000000000e+04
7.305500000000000000e+04
7.314700000000000000e+04
7.323600000000000000e+04
7.332600000000000000e+04
7.341500000000000000e+04
7.350500000000000000e+04
7.359500000000000000e+04
7.368300000000000000e+04
7.377400000000000000e+04
7.386600000000000000e+04
7.395700000000000000e+04
7.404900000000000000e+04
7.413700000000000000e+04
7.423000000000000000e+04
7.431900000000000000e+04
7.441100000000000000e+04
7.450300000000000000e+04
7.459400000000000000e+04
7.468400000000000000e+04
7.477600000000000000e+04
7.487000000000000000e+04
7.496200000000000000e+04
7.505300000000000000e+04
7.514600000000000000e+04
7.523700000000000000e+04
7.532900000000000000e+04
7.541900000000000000e+04
7.551100000000000000e+04
7.560300000000000000e+04
7.569600000000000000e+04
7.578900000000000000e+04
7.588200000000000000e+04
7.597200000000000000e+04
7.606500000000000000e+04
7.615700000000000000e+04
7.624700000000000000e+04
7.633700000000000000e+04
7.642700000000000000e+04
7.651900000000000000e+04
7.661600000000000000e+04
7.670600000000000000e+04
7.679500000000000000e+04
7.688700000000000000e+04
7.697700000000000000e+04
7.706700000000000000e+04
7.715700000000000000e+04
7.724700000000000000e+04
7.733900000000000000e+04
7.742800000000000000e+04
7.751600000000000000e+04
7.760500000000000000e+04
7.769500000000000000e+04
7.778300000000000000e+04
7.787300000000000000e+04
7.796600000000000000e+04
7.805900000000000000e+04
7.814800000000000000e+04
7.824100000000000000e+04
7.833000000000000000e+04
7.842300000000000000e+04
7.851300000000000000e+04
7.860400000000000000e+04
7.869600000000000000e+04
7.878400000000000000e+04
7.887400000000000000e+04
7.896600000000000000e+04
7.905500000000000000e+04
7.914500000000000000e+04
7.923700000000000000e+04
7.932800000000000000e+04
7.942000000000000000e+04
7.950800000000000000e+04
7.960000000000000000e+04
7.969200000000000000e+04
7.978000000000000000e+04
7.987000000000000000e+04
7.996200000000000000e+04
8.005300000000000000e+04
8.014200000000000000e+04
8.023400000000000000e+04
8.032300000000000000e+04
8.041500000000000000e+04
8.050500000000000000e+04
8.059400000000000000e+04
8.068400000000000000e+04
8.077400000000000000e+04
8.086500000000000000e+04
8.095600000000000000e+04
8.104600000000000000e+04
8.113600000000000000e+04
8.122500000000000000e+04
8.131700000000000000e+04
8.140800000000000000e+04
8.150000000000000000e+04
8.158900000000000000e+04
8.168100000000000000e+04
8.177400000000000000e+04
8.186600000000000000e+04
8.195700000000000000e+04
8.204600000000000000e+04
8.213700000000000000e+04
8.223000000000000000e+04
8.232100000000000000e+04
8.241100000000000000e+04
8.250300000000000000e+04
8.259300000000000000e+04
8.268300000000000000e+04
8.277600000000000000e+04
8.286400000000000000e+04
8.295600000000000000e+04
8.304500000000000000e+04
8.313600000000000000e+04
8.322500000000000000e+04
8.331700000000000000e+04
8.341000000000000000e+04
8.350300000000000000e+04
8.359500000000000000e+04
8.368800000000000000e+04
8.378000000000000000e+04
8.387000000000000000e+04
8.396000000000000000e+04
8.405200000000000000e+04
8.414200000000000000e+04
8.423100000000000000e+04
8.432900000000000000e+04
8.441700000000000000e+04
8.450900000000000000e+04
8.460200000000000000e+04
8.469300000000000000e+04
8.478600000000000000e+04
8.487500000000000000e+04
8.496700000000000000e+04
8.505600000000000000e+04
8.514600000000000000e+04
8.523600000000000000e+04
8.532700000000000000e+04
8.542000000000000000e+04
8.551200000000000000e+04
8.560400000000000000e+04
8.569300000000000000e+04
8.578500000000000000e+04
8.587600000000000000e+04
8.596500000000000000e+04
8.605400000000000000e+04
8.614600000000000000e+04
8.623500000000000000e+04
8.632800000000000000e+04
8.641700000000000000e+04
8.650900000000000000e+04
8.659800000000000000e+04
8.669000000000000000e+04
8.678300000000000000e+04
8.687100000000000000e+04
8.696000000000000000e+04
8.705100000000000000e+04
8.714500000000000000e+04
8.723700000000000000e+04
8.732700000000000000e+04
8.741600000000000000e+04
8.750600000000000000e+04
8.759600000000000000e+04
8.768700000000000000e+04
8.777900000000000000e+04
8.786900000000000000e+04
8.795900000000000000e+04
8.805100000000000000e+04
8.814000000000000000e+04
8.823000000000000000e+04
8.832000000000000000e+04
8.840900000000000000e+04
8.850300000000000000e+04
8.859100000000000000e+04
8.868300000000000000e+04
8.877800000000000000e+04
8.886900000000000000e+04
8.896100000000000000e+04
8.905400000000000000e+04
8.914500000000000000e+04
8.923500000000000000e+04
8.932800000000000000e+04
8.941800000000000000e+04
8.950700000000000000e+04
8.960000000000000000e+04
8.969300000000000000e+04
8.978200000000000000e+04
8.987400000000000000e+04
8.996300000000000000e+04
9.005600000000000000e+04
9.014900000000000000e+04
9.024100000000000000e+04
9.033100000000000000e+04
9.042300000000000000e+04
9.051300000000000000e+04
9.060400000000000000e+04
9.069700000000000000e+04
9.079000000000000000e+04
9.087900000000000000e+04
9.097100000000000000e+04
9.106300000000000000e+04
9.115900000000000000e+04
9.125100000000000000e+04
9.134300000000000000e+04
9.143500000000000000e+04
9.152500000000000000e+04
9.161300000000000000e+04
9.170500000000000000e+04
9.179400000000000000e+04
9.188600000000000000e+04
9.197900000000000000e+04
9.207100000000000000e+04
9.216200000000000000e+04
9.225500000000000000e+04
9.234800000000000000e+04
9.244000000000000000e+04
9.253200000000000000e+04
9.262200000000000000e+04
9.272100000000000000e+04
9.281300000000000000e+04
9.290300000000000000e+04
9.299300000000000000e+04
