time (sec) 	Integral(3.131,2.927)	A+B*x A= 10.0498 B= 0.000526739	
0	9.34343	10.0498	
93	7.49807	10.0988	
182	10.6728	10.1457	
271	10.8446	10.1926	
364	11.083	10.2416	
454	9.0831	10.289	
543	10.1095	10.3359	
635	8.73351	10.3843	
727	10.8816	10.4328	
816	9.52269	10.4797	
908	10.4951	10.5281	
999	8.14136	10.576	
1088	11	10.6229	
1180	10.3352	10.6714	
1269	9.54507	10.7183	
1361	10.0109	10.7667	
1453	10.43	10.8152	
1542	10.5199	10.8621	
1641	11.3316	10.9142	
1733	9.33646	10.9627	
1825	12.1111	11.0111	
1922	7.95025	11.0622	
2010	10.2359	11.1086	
2100	10.2645	11.156	
2189	10.3529	11.2029	
2281	11.2504	11.2513	
2372	10.3327	11.2993	
2462	6.88416	11.3467	
2553	6.99209	11.3946	
2642	5.86305	11.4415	
2734	11.2742	11.4899	
2825	11.0097	11.5379	
2917	11.6656	11.5863	
3007	9.95996	11.6337	
3097	10.1154	11.6811	
3189	7.84931	11.7296	
3280	9.19908	11.7775	
3372	10.2927	11.826	
3462	11.0073	11.8734	
3552	12.2679	11.9208	
3641	10.5502	11.9677	
3732	8.91849	12.0156	
3821	11.21	12.0625	
3913	9.65476	12.111	
4002	12.4135	12.1578	
4094	11.6196	12.2063	
4184	10.0481	12.2537	
4275	11.3495	12.3016	
4367	9.55513	12.3501	
4456	12.6996	12.397	
4548	8.73952	12.4454	
4639	11.5068	12.4934	
4731	9.43132	12.5418	
4820	12.1727	12.5887	
4910	11.8278	12.6361	
5003	12.1097	12.6851	
5095	10.8548	12.7336	
5188	6.88932	12.7826	
5278	5.96657	12.83	
5372	11.734	12.8795	
5461	8.96484	12.9264	
5554	9.73013	12.9753	
5644	6.72686	13.0227	
5734	11.2368	13.0702	
5822	11.0025	13.1165	
5911	12.1402	13.1634	
6001	10.8655	13.2108	
6092	11.6051	13.2587	
6183	10.8871	13.3067	
6279	14.1063	13.3572	
6368	12.5843	13.4041	
6457	11.8316	13.451	
6549	13.6152	13.4994	
6640	13.3157	13.5474	
6731	11.6984	13.5953	
6819	11.5687	13.6417	
6910	11.1385	13.6896	
7001	11.6179	13.7375	
7094	14.4307	13.7865	
7183	14.2726	13.8334	
7275	13.9074	13.8819	
7365	10.4139	13.9293	
7456	14.021	13.9772	
7548	13.5869	14.0257	
7642	12.0911	14.0752	
7734	11.026	14.1236	
7823	5.54054	14.1705	
7915	13.1641	14.219	
8006	14.9347	14.2669	
8099	12.7873	14.3159	
8191	12.5043	14.3644	
8282	13.9849	14.4123	
8376	12.5834	14.4618	
8469	9.39011	14.5108	
8561	11.6501	14.5592	
8650	13.8889	14.6061	
8738	15.6109	14.6525	
8829	14.1639	14.7004	
8917	12.4562	14.7468	
9009	14.7132	14.7952	
9099	15.0779	14.8426	
9192	13.401	14.8916	
9279	13.916	14.9374	
9373	15.2579	14.987	
9463	14.6339	15.0344	
9563	15.6843	15.087	
9653	14.5125	15.1344	
9742	12.2522	15.1813	
9831	13.4086	15.2282	
9920	14.1562	15.2751	
10011	15.2209	15.323	
10099	14.3783	15.3694	
10189	13.8612	15.4168	
10281	13.4115	15.4652	
10371	14.1697	15.5126	
10461	15.0706	15.5601	
10551	13.1654	15.6075	
10644	15.4289	15.6564	
10736	13.4752	15.7049	
10827	14.9734	15.7528	
10917	14.4916	15.8002	
11007	15.194	15.8477	
11095	15.6079	15.894	
11188	14.7223	15.943	
11277	14.7972	15.9899	
11365	14.8441	16.0362	
11462	15.3356	16.0873	
11552	14.6156	16.1347	
11645	17.0087	16.1837	
11739	14.8292	16.2332	
11833	16.8997	16.2827	
11926	16.4769	16.3317	
12016	15.3482	16.3791	
12108	15.693	16.4276	
12197	17.042	16.4745	
12287	14.7521	16.5219	
12380	17.0896	16.5709	
12470	17.6725	16.6183	
12562	15.8423	16.6667	
12653	15.2501	16.7147	
12744	15.7896	16.7626	
12837	17.7298	16.8116	
12929	17.6616	16.86	
13019	17.4522	16.9075	
13111	17.2984	16.9559	
13200	11.0599	17.0028	
13292	16.9177	17.0513	
13385	16.3734	17.1002	
13474	15.4605	17.1471	
13563	17.1576	17.194	
13652	17.9068	17.2409	
13742	16.7697	17.2883	
13834	18.3788	17.3367	
13925	16.4053	17.3847	
14014	19.0816	17.4316	
14102	17.3328	17.4779	
14192	18.6869	17.5253	
14281	16.8324	17.5722	
14372	18.2503	17.6201	
14461	17.2323	17.667	
14552	19.6904	17.7149	
14642	21.1327	17.7623	
14732	17.4479	17.8098	
14822	18.7052	17.8572	
14914	17.2573	17.9056	
15002	19.0849	17.952	
15093	17.5643	17.9999	
15184	17.644	18.0478	
15276	18.336	18.0963	
15366	12.7023	18.1437	
15455	18.9885	18.1906	
15545	14.6625	18.238	
15634	16.1441	18.2849	
15723	20.0611	18.3318	
15815	17.8665	18.3802	
15906	18.4114	18.4281	
15994	17.8312	18.4745	
16083	19.2491	18.5214	
16172	19.6372	18.5683	
16261	18.3984	18.6151	
16354	18.7525	18.6641	
16447	15.5791	18.7131	
16538	18.84	18.761	
16638	20.0593	18.8137	
16727	20.4026	18.8606	
16820	18.9575	18.9096	
16912	18.734	18.958	
17001	18.6627	19.0049	
17097	-5.45344	19.0555	
17185	20.5062	19.1018	
17283	21.0577	19.1535	
17374	21.1514	19.2014	
17466	21.9189	19.2499	
17555	18.7371	19.2967	
17645	19.1419	19.3441	
17733	20.4142	19.3905	
17821	21.6868	19.4369	
17915	19.5067	19.4864	
18006	21.6086	19.5343	
18096	20.118	19.5817	
18185	21.0202	19.6286	
18279	18.3954	19.6781	
18371	20.0634	19.7266	
18461	19.7415	19.774	
18555	19.5424	19.8235	
18647	18.7317	19.8719	
18736	19.7627	19.9188	
18826	19.8688	19.9662	
18918	19.8909	20.0147	
19009	22.0467	20.0626	
19100	23.034	20.1106	
19190	18.6971	20.158	
19279	22.4408	20.2048	
19369	19.6626	20.2522	
19459	20.5136	20.2997	
19550	23.0382	20.3476	
19643	20.7307	20.3966	
19735	21.3053	20.445	
19827	21.1674	20.4935	
19919	20.9028	20.542	
20011	21.5718	20.5904	
20102	21.7546	20.6383	
20191	22.4085	20.6852	
20283	23.0014	20.7337	
20372	21.2131	20.7806	
20461	21.7954	20.8274	
20551	21.6456	20.8749	
20640	21.322	20.9217	
20732	22.0167	20.9702	
20824	23.8502	21.0187	
20913	23.1863	21.0655	
21006	22.2897	21.1145	
21096	21.4543	21.1619	
21187	21.0794	21.2099	
21277	21.9766	21.2573	
21367	23.2387	21.3047	
21455	23.5387	21.351	
21547	24.4444	21.3995	
21619	21.9244	21.4374	
21718	22.8795	21.4896	
21810	24.3889	21.538	
21902	25.6499	21.5865	
21996	23.7003	21.636	
22088	22.237	21.6844	
22177	23.522	21.7313	
22267	22.8917	21.7787	
22357	25.2314	21.8261	
22448	21.6628	21.8741	
22538	23.762	21.9215	
22630	22.505	21.9699	
22720	20.4871	22.0173	
22810	24.039	22.0648	
22900	22.2063	22.1122	
22992	23.0119	22.1606	
23085	26.1907	22.2096	
23174	25.2568	22.2565	
23266	25.2094	22.3049	
23358	23.81	22.3534	
23448	23.9344	22.4008	
23540	23.5048	22.4493	
23632	22.1829	22.4977	
23724	24.4092	22.5462	
23813	24.327	22.5931	
23905	24.5386	22.6415	
23995	25.3333	22.6889	
24087	23.2061	22.7374	
24176	24.1508	22.7843	
24266	23.8714	22.8317	
24357	26.9657	22.8796	
24449	23.9477	22.9281	
24542	24.5842	22.9771	
24631	23.4455	23.0239	
24723	24.1049	23.0724	
24815	24.9812	23.1209	
24905	24.0278	23.1683	
24993	26.5695	23.2146	
25083	23.9579	23.262	
25172	26.484	23.3089	
25264	25.033	23.3574	
25354	25.6224	23.4048	
25443	26.4603	23.4517	
25535	21.0967	23.5001	
25627	24.1246	23.5486	
25720	23.6913	23.5976	
25809	25.23	23.6444	
25898	25.052	23.6913	
25989	24.6256	23.7393	
26080	25.5127	23.7872	
26169	27.1221	23.8341	
26261	25.259	23.8825	
26350	23.9334	23.9294	
26441	27.0596	23.9773	
26530	24.8999	24.0242	
26619	26.3814	24.0711	
26710	27.4183	24.119	
26802	25.4392	24.1675	
26893	27.8788	24.2154	
26986	25.4842	24.2644	
27077	24.9321	24.3124	
27170	25.4171	24.3613	
27260	24.5003	24.4087	
27349	25.8104	24.4556	
27441	26.6067	24.5041	
27532	25.0695	24.552	
27622	25.7999	24.5994	
27714	27.1053	24.6479	
27806	27.2831	24.6963	
27903	27.8506	24.7474	
27995	27.0461	24.7959	
28083	27.7258	24.8423	
28173	27.1694	24.8897	
28266	25.8054	24.9386	
28358	28.1078	24.9871	
28447	28.4708	25.034	
28539	28.4103	25.0824	
28631	27.6606	25.1309	
28720	26.3727	25.1778	
28815	22.2856	25.2278	
28908	26.0121	25.2768	
28999	28.8967	25.3247	
29089	27.0444	25.3722	
29181	26.5047	25.4206	
29273	27.3375	25.4691	
29370	28.1579	25.5202	
29461	28.5401	25.5681	
29549	29.0195	25.6145	
29638	27.5962	25.6613	
29732	26.8948	25.7108	
29823	29.4872	25.7588	
29915	27.4086	25.8072	
30006	34.066	25.8552	
30097	28.3762	25.9031	
30189	28.2716	25.9516	
30280	27.2462	25.9995	
30372	30.8872	26.048	
30462	27.6416	26.0954	
30554	28.8479	26.1438	
30644	29.5213	26.1912	
30736	28.0237	26.2397	
30827	28.2899	26.2876	
30917	30.1526	26.335	
31009	22.4472	26.3835	
31101	28.9131	26.4319	
31193	29.2027	26.4804	
31291	28.2874	26.532	
31383	28.584	26.5805	
31474	28.8868	26.6284	
31563	29.1124	26.6753	
31655	26.6387	26.7238	
31745	28.8005	26.7712	
31835	30.0192	26.8186	
31928	30.1284	26.8676	
32018	28.3026	26.915	
32108	29.2052	26.9624	
32198	28.1896	27.0098	
32287	29.2911	27.0567	
32378	29.9069	27.1046	
32470	30.7775	27.1531	
32562	29.6301	27.2015	
32654	22.88	27.25	
32746	23.6866	27.2984	
32839	32.0351	27.3474	
32931	31.0862	27.3959	
33020	28.6946	27.4428	
33109	30.1923	27.4896	
33197	29.9983	27.536	
33290	30.1801	27.585	
33383	29.226	27.634	
33480	27.8782	27.6851	
33572	30.1436	27.7335	
33661	30.4731	27.7804	
33753	27.3698	27.8289	
33843	25.743	27.8763	
33934	29.6519	27.9242	
34026	29.7095	27.9727	
34123	30.417	28.0238	
34214	30.4992	28.0717	
34306	29.9069	28.1201	
34396	31.1075	28.1676	
34488	30.5277	28.216	
34580	30.81	28.2645	
34669	30.0344	28.3114	
34762	27.4645	28.3603	
34855	29.7838	28.4093	
34948	30.2304	28.4583	
35041	30.3422	28.5073	
35138	32.7113	28.5584	
35226	30.972	28.6047	
35317	30.0799	28.6527	
35406	32.1701	28.6996	
35499	30.1272	28.7485	
35590	26.327	28.7965	
35682	31.3544	28.8449	
35774	24.0685	28.8934	
35863	23.9617	28.9403	
35954	31.1164	28.9882	
36046	22.7892	29.0367	
36138	33.0875	29.0851	
36227	32.1909	29.132	
36318	27.8962	29.1799	
36407	33.9222	29.2268	
36499	31.2668	29.2753	
36591	25.9339	29.3237	
36683	29.0898	29.3722	
36772	31.1179	29.4191	
36861	29.2624	29.466	
36953	30.5217	29.5144	
37042	30.0887	29.5613	
37132	29.0952	29.6087	
37224	31.5297	29.6572	
37315	28.0168	29.7051	
37406	28.6375	29.753	
37498	32.1854	29.8015	
37588	32.2646	29.8489	
37680	27.2629	29.8974	
37772	31.8015	29.9458	
37861	32.8014	29.9927	
37952	25.9652	30.0406	
38043	27.8095	30.0886	
38136	32.7229	30.1376	
38228	27.9328	30.186	
38320	34.0611	30.2345	
38410	32.6076	30.2819	
38501	25.5611	30.3298	
38590	11.6685	30.3767	
38679	31.9701	30.4236	
38768	23.4294	30.4705	
38857	30.1983	30.5173	
38949	31.1535	30.5658	
39040	27.7631	30.6137	
39129	28.1223	30.6606	
39217	9.22654	30.707	
39310	9.73556	30.756	
39403	26.5603	30.8049	
39495	26.5574	30.8534	
39585	8.02292	30.9008	
39675	28.6004	30.9482	
39763	32.3733	30.9946	
39856	28.1661	31.0436	
39948	24.4801	31.092	
40039	25.844	31.1399	
40130	33.5737	31.1879	
40221	14.7392	31.2358	
40313	29.0599	31.2843	
40404	27.9032	31.3322	
40496	14.9554	31.3807	
40586	29.4679	31.4281	
40678	34.2204	31.4765	
40773	26.5666	31.5266	
40866	29.3134	31.5756	
40958	29.5409	31.624	
41049	26.3725	31.672	
41140	34.1544	31.7199	
41232	33.3333	31.7683	
41325	33.2902	31.8173	
41415	29.4412	31.8647	
41507	14.3297	31.9132	
41598	30.2922	31.9611	
41688	32.8125	32.0085	
41777	14.4389	32.0554	
41869	19.4205	32.1039	
41960	30.0787	32.1518	
42050	31.1256	32.1992	
42143	34.5582	32.2482	
42232	15.2275	32.2951	
42324	25.0844	32.3435	
42416	30.3937	32.392	
42507	24.6625	32.4399	
42599	17.3267	32.4884	
42692	27.1655	32.5374	
42783	15.0788	32.5853	
42881	31.1599	32.6369	
42972	16.1161	32.6849	
43064	32.5683	32.7333	
43154	35.1732	32.7807	
43245	30.9097	32.8287	
43336	22.241	32.8766	
43424	35.7695	32.923	
43513	17.5354	32.9698	
43605	36.7469	33.0183	
43697	14.5986	33.0668	
43788	35.9	33.1147	
43880	34.5552	33.1632	
43973	36.9658	33.2121	
44066	35.1968	33.2611	
44155	34.8024	33.308	
44245	35.8482	33.3554	
44336	38.1468	33.4033	
44431	36.551	33.4534	
44521	29.0004	33.5008	
44613	9.84165	33.5493	
44706	27.2118	33.5982	
44797	35.9231	33.6462	
44886	39.2659	33.6931	
44978	37.6072	33.7415	
45070	35.1744	33.79	
45162	36.9181	33.8384	
45251	30.07	33.8853	
45343	35.5365	33.9338	
45434	35.908	33.9817	
45523	17.2841	34.0286	
45614	35.9485	34.0765	
45703	36.0676	34.1234	
45795	36.5661	34.1719	
45887	37.5644	34.2203	
45978	38.6847	34.2682	
46070	37.4709	34.3167	
46160	35.9533	34.3641	
46252	37.1183	34.4126	
46344	36.6511	34.461	
46435	37.4065	34.509	
46526	37.7431	34.5569	
46616	36.2054	34.6043	
46707	36.672	34.6522	
46799	38.446	34.7007	
46892	35.0454	34.7497	
46982	37.4219	34.7971	
47075	38.585	34.8461	
47164	33.6593	34.893	
47257	36.2381	34.9419	
47346	40.542	34.9888	
47435	37.7963	35.0357	
47523	32.177	35.0821	
47612	36.9528	35.1289	
47701	37.8666	35.1758	
47792	37.7624	35.2238	
47884	37.5672	35.2722	
47974	38.3227	35.3196	
48066	18.6273	35.3681	
48157	38.1477	35.416	
48246	31.123	35.4629	
48339	38.2543	35.5119	
48428	37.5761	35.5588	
48519	37.9124	35.6067	
48608	34.5811	35.6536	
48700	37.9451	35.702	
48790	39.0604	35.7494	
48880	38.6838	35.7968	
48972	38.0007	35.8453	
49061	39.5709	35.8922	
49153	37.5167	35.9406	
49244	39.277	35.9886	
49336	38.6446	36.037	
49429	38.8273	36.086	
49521	37.6842	36.1345	
49617	39.036	36.1851	
49708	40.3189	36.233	
49800	39.2294	36.2814	
49893	38.8678	36.3304	
49983	39.4457	36.3778	
50075	38.0329	36.4263	
50167	39.1618	36.4748	
50258	16.6948	36.5227	
50348	39.2927	36.5701	
50438	40.8531	36.6175	
50530	38.759	36.666	
50622	19.1711	36.7144	
50710	38.3203	36.7608	
50799	38.773	36.8077	
50888	17.6155	36.8545	
50978	38.4075	36.9019	
51069	39.0435	36.9499	
51158	39.9164	36.9968	
51246	39.6037	37.0431	
51338	39.7414	37.0916	
51429	42.5476	37.1395	
51518	40.2508	37.1864	
51608	39.2643	37.2338	
51698	19.8668	37.2812	
51790	40.2786	37.3297	
51881	38.7793	37.3776	
51954	40.6886	37.416	
52043	40.1478	37.4629	
52133	41.5401	37.5103	
52223	40.1412	37.5577	
52316	39.9618	37.6067	
52408	39.8936	37.6552	
52500	39.8143	37.7036	
52593	40.6766	37.7526	
52683	39.5154	37.8	
52774	41.729	37.848	
52862	36.0441	37.8943	
52954	39.7438	37.9428	
53046	39.8113	37.9912	
53138	40.5011	38.0397	
53231	40.9732	38.0887	
53320	40.8795	38.1356	
53412	40.3069	38.184	
53504	41.2118	38.2325	
53594	37.6834	38.2799	
53686	42.4115	38.3284	
53779	40.9539	38.3773	
53870	41.6125	38.4253	
53960	41.4718	38.4727	
54052	41.3847	38.5211	
54142	40.7959	38.5685	
54232	42.6129	38.616	
54323	42.3932	38.6639	
54412	40.485	38.7108	
54502	41.0789	38.7582	
54594	40.5347	38.8066	
54683	42.4296	38.8535	
54776	28.1977	38.9025	
54866	41.7201	38.9499	
54959	42.1382	38.9989	
55051	42.476	39.0474	
55143	36.2995	39.0958	
55235	43.1238	39.1443	
55327	40.3227	39.1927	
55418	41.6566	39.2407	
55511	41.8894	39.2897	
55600	41.2937	39.3365	
55692	17.7164	39.385	
55781	38.2939	39.4319	
55873	41.119	39.4803	
55965	42.0286	39.5288	
56057	41.7987	39.5773	
56146	42.1225	39.6241	
56237	42.1521	39.6721	
56326	42.7158	39.7189	
56416	42.5186	39.7664	
56505	41.7499	39.8132	
56598	44.0105	39.8622	
56691	42.4931	39.9112	
56783	43.0387	39.9597	
56874	42.2883	40.0076	
56967	42.0328	40.0566	
57057	42.7496	40.104	
57146	41.7199	40.1509	
57239	42.1582	40.1999	
57327	42.7382	40.2462	
57416	43.5328	40.2931	
57505	43.4743	40.34	
57597	41.837	40.3884	
57686	42.4138	40.4353	
57778	43.2849	40.4838	
57868	42.0586	40.5312	
57957	44.0397	40.5781	
58046	41.868	40.6249	
58138	42.5565	40.6734	
58230	43.0257	40.7219	
58323	43.6104	40.7708	
58415	43.9119	40.8193	
58508	43.6495	40.8683	
58600	41.9942	40.9168	
58690	43.9879	40.9642	
58783	42.2527	41.0131	
58874	42.9982	41.0611	
58963	43.9975	41.108	
59054	44.0504	41.1559	
59145	43.3438	41.2038	
59235	43.4854	41.2512	
59324	42.839	41.2981	
59414	44.4191	41.3455	
59503	41.6398	41.3924	
59592	43.861	41.4393	
59681	43.2042	41.4862	
59766	44.3954	41.5309	
59867	44.1387	41.5841	
59959	45.2958	41.6326	
60051	46.2951	41.6811	
60143	43.7244	41.7295	
60233	46.4639	41.7769	
60324	43.8574	41.8249	
60416	46.2222	41.8733	
60508	44.4477	41.9218	
60602	43.8869	41.9713	
60691	44.745	42.0182	
60782	44.875	42.0661	
60873	43.8173	42.114	
60965	45.0268	42.1625	
61054	44.6943	42.2094	
61144	44.9152	42.2568	
61234	44.4259	42.3042	
61325	45.6852	42.3521	
61417	45.6317	42.4006	
61508	44.7992	42.4485	
61600	43.6394	42.497	
61692	44.7397	42.5454	
61780	45.0097	42.5918	
61871	45.7753	42.6397	
61964	44.8102	42.6887	
62053	45.0942	42.7356	
62143	44.4489	42.783	
62233	44.3204	42.8304	
62322	45.2717	42.8773	
62410	44.6617	42.9236	
62500	45.2509	42.971	
62593	45.3972	43.02	
62681	45.9115	43.0664	
62774	44.8318	43.1154	
62862	44.7358	43.1617	
62951	45.2623	43.2086	
63042	45.3387	43.2565	
63135	46.6745	43.3055	
63227	46.0395	43.354	
63317	43.9316	43.4014	
63407	45.7502	43.4488	
63499	46.4802	43.4972	
63591	45.6359	43.5457	
63680	46.0358	43.5926	
63770	45.0347	43.64	
63862	46.4052	43.6885	
63950	47.1337	43.7348	
64042	45.7632	43.7833	
64131	46.3797	43.8301	
64223	45.515	43.8786	
64314	46.6985	43.9265	
64403	45.7521	43.9734	
64492	43.4939	44.0203	
64582	46.0629	44.0677	
64671	46.8299	44.1146	
64764	46.1522	44.1636	
64853	46.7569	44.2105	
64943	45.3441	44.2579	
65033	47.1468	44.3053	
65125	45.4453	44.3537	
65214	46.2317	44.4006	
65306	46.1894	44.4491	
65399	47.2198	44.4981	
65491	47.5747	44.5465	
65588	46.892	44.5976	
65679	46.5284	44.6455	
65769	46.316	44.6929	
65862	47.0649	44.7419	
65954	47.3362	44.7904	
66044	47.6081	44.8378	
66133	46.2808	44.8847	
66222	47.3166	44.9316	
66312	43.4567	44.979	
66400	48.2283	45.0253	
66492	47.6221	45.0738	
66581	48.695	45.1207	
66671	47.033	45.1681	
66764	48.016	45.2171	
66853	47.2005	45.2639	
66945	45.9271	45.3124	
67035	47.5088	45.3598	
67125	47.8167	45.4072	
67217	47.6532	45.4557	
67306	47.8557	45.5025	
67395	48.5348	45.5494	
67488	48.6673	45.5984	
67576	47.7305	45.6448	
67666	48.2045	45.6922	
67757	48.6503	45.7401	
67850	48.3692	45.7891	
67942	48.3638	45.8376	
68031	48.437	45.8844	
68124	48.623	45.9334	
68216	47.592	45.9819	
68309	47.7067	46.0309	
68400	47.6851	46.0788	
68492	47.0663	46.1273	
68583	48.1202	46.1752	
68672	47.6508	46.2221	
68766	45.1561	46.2716	
68859	49.139	46.3206	
68951	49.1968	46.369	
69040	48.6846	46.4159	
69130	48.3898	46.4633	
69219	48.8063	46.5102	
69309	47.9453	46.5576	
69398	49.1529	46.6045	
69490	48.6731	46.6529	
69581	49.5052	46.7009	
69672	49.5263	46.7488	
69768	43.1945	46.7994	
69860	49.8123	46.8478	
69951	49.5825	46.8958	
70044	49.0831	46.9448	
70136	48.4401	46.9932	
70225	48.5556	47.0401	
70315	49.8369	47.0875	
70404	48.2926	47.1344	
70493	49.7408	47.1813	
70584	49.7605	47.2292	
70673	49.3982	47.2761	
70765	46.2347	47.3245	
70855	49.6196	47.3719	
70947	49.2698	47.4204	
71041	50.0809	47.4699	
71141	48.9132	47.5226	
71231	43.481	47.57	
71328	50.84	47.6211	
71419	49.6574	47.669	
71511	49.1989	47.7175	
71601	51.4804	47.7649	
71693	49.275	47.8133	
71781	50.4204	47.8597	
71872	49.9544	47.9076	
71962	50.6182	47.955	
72053	49.1373	48.003	
72145	49.7042	48.0514	
72234	41.2466	48.0983	
72325	49.8103	48.1462	
72418	50.0129	48.1952	
72511	52.1952	48.2442	
72599	45.5779	48.2906	
72691	46.5671	48.339	
72781	50.3635	48.3864	
72873	50.4434	48.4349	
72962	50.3938	48.4818	
73054	50.183	48.5302	
73146	51.4266	48.5787	
73235	50.4216	48.6256	
73326	50.1649	48.6735	
73415	50.6544	48.7204	
73505	51.2634	48.7678	
73595	50.2995	48.8152	
73683	50.4901	48.8616	
73773	50.5187	48.909	
73865	49.7887	48.9574	
73957	51.1343	49.0059	
74049	51.131	49.0543	
74137	51.5626	49.1007	
74229	50.888	49.1492	
74318	50.5342	49.196	
74411	50.7413	49.245	
74503	51.7862	49.2935	
74594	41.651	49.3414	
74684	51.928	49.3888	
74776	50.4704	49.4373	
74869	49.9561	49.4863	
74962	50.6301	49.5353	
75053	49.8961	49.5832	
75146	52.081	49.6322	
75237	51.4955	49.6801	
75328	51.6619	49.728	
75418	51.0662	49.7755	
75511	41.9185	49.8244	
75603	33.5687	49.8729	
75696	51.8681	49.9219	
75788	51.5164	49.9703	
75881	30.4454	50.0193	
75972	51.0406	50.0673	
76065	41.0265	50.1163	
76157	50.9775	50.1647	
76247	52.2055	50.2121	
76336	48.424	50.259	
76427	50.6647	50.3069	
76519	50.7443	50.3554	
76616	34.7315	50.4065	
76706	50.8526	50.4539	
76795	51.8522	50.5008	
76886	47.3647	50.5487	
76976	52.1027	50.5961	
77067	52.1704	50.644	
77157	51.3035	50.6915	
77247	53.0389	50.7389	
77339	53.443	50.7873	
77428	52.3843	50.8342	
77516	48.0797	50.8806	
77605	52.6201	50.9274	
77694	51.8651	50.9743	
77783	52.6266	51.0212	
77873	51.5014	51.0686	
77966	52.3583	51.1176	
78058	52.932	51.166	
78147	55.1193	51.2129	
78241	52.6269	51.2624	
78330	52.8345	51.3093	
78423	50.0407	51.3583	
78513	52.319	51.4057	
78604	46.2862	51.4536	
78695	53.3727	51.5016	
78783	53.5496	51.5479	
78873	52.2735	51.5953	
78966	47.1288	51.6443	
79055	47.8991	51.6912	
79145	53.3285	51.7386	
79237	53.3109	51.7871	
79328	47.5198	51.835	
79419	52.2687	51.8829	
79508	53.5075	51.9298	
79600	53.7591	51.9783	
79692	54.1614	52.0267	
79780	53.385	52.0731	
79869	53.549	52.12	
79961	53.6783	52.1684	
80053	53.6328	52.2169	
80141	46.62	52.2632	
80234	53.1088	52.3122	
80323	52.822	52.3591	
80415	51.5404	52.4076	
80505	54.6894	52.455	
80593	53.7493	52.5013	
80683	52.9788	52.5487	
80774	53.2385	52.5967	
80865	53.8412	52.6446	
80956	53.2802	52.6925	
81046	53.3347	52.7399	
81135	53.8048	52.7868	
81224	53.5675	52.8337	
81317	53.9642	52.8827	
81408	53.7234	52.9306	
81500	54.1062	52.9791	
81589	56.985	53.026	
81681	53.7605	53.0744	
81773	44.0434	53.1229	
81866	54.1722	53.1719	
81957	54.142	53.2198	
82046	50.5565	53.2667	
82137	55.1977	53.3146	
82229	54.2338	53.3631	
82321	54.6237	53.4115	
82411	54.4722	53.4589	
82503	54.6539	53.5074	
82593	54.2811	53.5548	
82683	54.2764	53.6022	
82776	54.996	53.6512	
82864	51.3513	53.6976	
82955	55.4152	53.7455	
83044	54.4082	53.7924	
83136	55.0605	53.8408	
83225	54.2923	53.8877	
83317	54.3913	53.9362	
83410	54.5452	53.9852	
83503	54.4758	54.0341	
83595	53.7758	54.0826	
83688	53.6901	54.1316	
83780	54.8473	54.18	
83870	53.2809	54.2275	
83960	54.4729	54.2749	
84052	55.4297	54.3233	
84142	55.2227	54.3707	
84231	55.4308	54.4176	
84328	36.9833	54.4687	
84417	54.8293	54.5156	
84509	54.7123	54.564	
84602	36.2388	54.613	
84693	54.0021	54.661	
84785	54.1245	54.7094	
84874	55.2743	54.7563	
84966	54.9282	54.8048	
85056	55.5739	54.8522	
85146	55.909	54.8996	
85236	55.0422	54.947	
85327	54.8726	54.9949	
85419	55.4889	55.0434	
85512	54.7689	55.0924	
85603	55.4825	55.1403	
85693	55.4752	55.1877	
85785	55.3361	55.2362	
85876	54.6401	55.2841	
85965	54.6476	55.331	
86054	54.6776	55.3779	
86145	56.0508	55.4258	
86235	55.5219	55.4732	
86328	56.0827	55.5222	
86417	56.1102	55.5691	
86509	55.755	55.6175	
86598	56.0403	55.6644	
86689	55.6812	55.7123	
86782	55.8776	55.7613	
86870	53.8902	55.8077	
86960	55.4767	55.8551	
87051	56.3252	55.903	
87145	55.5105	55.9525	
87236	56.0932	56.0005	
87326	55.1346	56.0479	
87416	55.1715	56.0953	
87506	56.386	56.1427	
87596	56.0701	56.1901	
87687	31.4074	56.238	
87779	55.9338	56.2865	
87869	56.0697	56.3339	
87959	56.1245	56.3813	
88051	56.0488	56.4298	
88140	56.2027	56.4766	
88230	33.9442	56.524	
88320	57.8395	56.5714	
88409	57.0175	56.6183	
88502	55.5701	56.6673	
88591	56.6215	56.7142	
88682	56.6219	56.7621	
88778	36.6621	56.8127	
88869	56.1167	56.8606	
88961	56.8864	56.9091	
89053	57.5417	56.9575	
89145	56.8544	57.006	
89234	56.5808	57.0529	
89328	56.5463	57.1024	
89418	56.1909	57.1498	
89507	57.5185	57.1967	
89599	56.9377	57.2451	
89692	56.8427	57.2941	
89782	57.7513	57.3415	
89874	56.7692	57.39	
89963	57.6706	57.4369	
90056	49.677	57.4859	
90148	54.7819	57.5343	
90241	31.077	57.5833	
90330	53.3501	57.6302	
90423	34.0244	57.6792	
90513	34.1941	57.7266	
90604	56.839	57.7745	
90697	34.9801	57.8235	
90790	57.3833	57.8725	
90879	58.0152	57.9194	
90971	57.1074	57.9678	
91063	58.0344	58.0163	
91159	57.6184	58.0669	
91250	57.3467	58.1148	
91342	56.6316	58.1632	
91435	57.7679	58.2122	
91525	58.3357	58.2596	
91613	58.2612	58.306	
91705	57.4447	58.3545	
91794	58.0884	58.4013	
91885	51.8347	58.4493	
91978	58.2208	58.4983	
92071	37.3307	58.5472	
92162	57.4862	58.5952	
92255	59.3004	58.6442	
92348	56.2231	58.6931	
92440	57.1794	58.7416	
92532	58.4702	58.7901	
92622	55.4193	58.8375	
92721	58.259	58.8896	
92813	58.3848	58.9381	
92903	52.1126	58.9855	
92993	58.0586	59.0329	
